2057137857526128749
2055381050948555224
2054971004355838166
2047724457993925024
2047012767874552202
2046273928549777545
2044824179971891287
2041567702121370046
2040865331829412335
2039417497125023896
2009686280993718410
2006072576850944333
2005672306342027672
1994071935030800523
1993324539141332994
1883469588731687175
1828861524019998744
2062225299736334661
2049881903583682968
2048069681245036865
2046591465401585996
2045140229544092023
2034661181529763877
2014744947753140532
2013657775952269364
2012283723387900016
2011921338978746764
