2062974006408487284
2063004194349404224
2063044568778489860
2063120619248451868
2063190620471017740
2063199506632482962
2063199076041027854
2063142131527549438
2063261299404951868
2063343328473796944
2063318605886804231
2063373787073016235
2063370340818944025
2063429349877973287
2063421158779683293
2063565346884223413
2063546505667969214
2063569313752092791
2063616775753806242
2063685888048062600
2063685305186627745
2063764969221431586
2063764004829372636
2063744145005412689
2063674206382858408
2063943495161688568
2063927857827516451
2064012502065713382
